88	0.0031380393059528763
4	0.0069948404433646215
82	0.007178403497634232
80	0.005262472484228286
19	0.004719333295801119
42	0.012067981145007832
53	0.04243140406575619
62	0.007334388525680361
6	0.005496844981748573
37	0.0019304793257914781
46	0.0037273275574807607
2	0.005171063533189886
86	0.0021738956350969554
93	0.0053301963005114705
28	0.005823318003010783
59	0.0015567954201211119
66	0.03308454606484259
44	0.012766987824747698
13	0.020690343993951196
24	0.006079163246662509
39	0.01138908037085253
77	0.006336822787608032
11	0.0038849960614502402
84	0.0020300000327560437
64	0.006525960553556622
8	0.005708505652182356
60	0.009226981043302596
57	0.020051832175604207
20	0.003639889546385013
15	0.005954469046162684
48	0.03204063877914535
35	0.013281350423884779
97	0.00586285464184385
75	0.00643247170985683
55	0.00695962844748983
40	0.03988426761013917
31	0.012166055454916383
71	0.006673509313876525
79	0.023332947897245708
51	0.007685581620598554
22	0.01706194255432705
26	0.015381126821330842
68	0.0034117695767682805
33	0.003907952132011132
17	0.004757546407624071
73	0.007529708363041359
99	0.008899355457124027
95	0.006649798417048129
91	0.004940544625377512
69	0.0055621205808055445
14	0.03937772700357328
96	0.021670433524062664
98	0.003517513384428043
7	0.0026390553476102517
36	0.004025475654532078
45	0.002950912126713506
56	0.007250836878818404
16	0.004211316450735478
41	0.008390858686994008
92	0.022042118492069367
9	0.012862068917611632
3	0.0071095907146457955
34	0.005252714771083761
83	0.013421384014995536
61	0.02310197159522474
30	0.006038775174000852
81	0.0018145133481201284
25	0.006484629773168009
89	0.002069528570438413
1	0.035400591802442975
63	0.002655182657172954
10	0.007283518367242062
65	0.021995275657399282
29	0.006223751644838694
23	0.002674683166212933
49	0.004814487946254759
21	0.0052539718798640875
47	0.004758362304187358
67	0.008040990807864882
5	0.01644611193928042
18	0.013768088495850601
27	0.034896567764032146
90	0.008284773697508747
100	0.013489147147690847
32	0.0035243227245196126
85	0.0012246126965946577
54	0.013361483266072947
72	0.0027966203919454714
52	0.013646086643850957
58	0.003910709902156529
50	0.002525039827018134
87	0.013861672934458055
78	0.016217203651570505
12	0.0035954991211599027
76	0.003461084692367296
94	0.002737855058625406
38	0.0061845998242534665
70	0.00952114452607048
43	0.005463367373694928
74	0.017624234904077076
