88	0.004599295028815574
4	0.0075665006170267165
82	0.0077090846753665974
80	0.005804612765096431
19	0.0055814923152135675
42	0.010839256949250382
53	0.03573120223267161
62	0.007334856784389275
6	0.006420423774384912
37	0.0038082042916114515
46	0.005111429353119453
2	0.005852105827359927
86	0.004471679051651847
93	0.0058549402825428115
28	0.006345141173708296
59	0.0036698606601272845
66	0.029195323377588508
44	0.012750399351623705
13	0.018205208864880015
24	0.007196366317784484
39	0.012274798402607012
77	0.007159630080848503
11	0.0050117730838915376
84	0.0040361226893249405
64	0.007716361102885955
8	0.0065768308092415805
60	0.008969338086489012
57	0.017656985603557482
20	0.004981930750505129
15	0.006422681240048262
48	0.025396889922979855
35	0.012996479428914047
97	0.006281693188423464
75	0.00663028308153224
55	0.007774615693709698
40	0.0336300871897439
31	0.012329815364026544
71	0.007197806287268996
79	0.019612757894814824
51	0.008244124612341641
22	0.015272993938937484
26	0.014340349890604955
68	0.0050461733364900955
33	0.005326276068859905
17	0.006247740872979933
73	0.00783931369228131
99	0.008999735973098746
95	0.00761921494139323
91	0.006172881445293059
69	0.006662382617066313
14	0.03417090697259138
96	0.01860420183631294
98	0.005040874617744193
7	0.004273848080995158
36	0.005313451081632748
45	0.004491847979049311
56	0.007862970775542306
16	0.00589674738382055
41	0.008029471180976673
92	0.01889475212924223
9	0.012880554925616126
3	0.007781010733095863
34	0.006377184491733381
83	0.013270473919444416
61	0.019180292953299385
30	0.007036506458340608
81	0.0036953517493609916
25	0.00738568883868637
89	0.003922466019802269
1	0.030005979479788624
63	0.004309998434148299
10	0.007600061465693588
65	0.019117203136586606
29	0.007188798729058291
23	0.004123864920184911
49	0.005535285716725916
21	0.00623953432835061
47	0.005984733859116159
67	0.007698092209672377
5	0.015289105183835654
18	0.013299155913355783
27	0.029720144201405393
90	0.008454269205003908
100	0.012945393379138649
32	0.0049935771019095024
85	0.003409694077402821
54	0.011648611927748928
72	0.004365306323137555
52	0.0132695761030872
58	0.005137291860141465
50	0.004258424498389761
87	0.013482673365692976
78	0.014811319655825958
12	0.005315015800727388
76	0.00485981599102717
94	0.004248494970298276
38	0.007149725831456918
70	0.010498258414476056
43	0.0063903003229630415
74	0.016066240481990922
